"region","town_number","year","property_crimes","motor_thefts","drugs","assaults","sexual_assault","robberies","spousal","population","town_type"
"Jerusalem",472,2011,52,4,3,57,5,0,11,7907,"arab"
"Jerusalem",472,2012,64,10,3,48,2,0,13,7907,"arab"
"Jerusalem",472,2013,106,16,9,40,5,3,14,7907,"arab"
"Akko",473,2011,89,0,25,47,0,0,22,13318,NA
"Akko",473,2012,57,3,25,59,0,2,16,13318,NA
"Akko",473,2013,69,3,38,51,1,1,21,13318,NA
"Haifa",652,2011,22,3,2,7,0,1,1,2788,NA
"Haifa",652,2012,23,3,1,9,0,1,3,2788,NA
"Haifa",652,2013,21,2,0,15,1,0,5,2788,NA
"Hasharon",182,2011,454,79,7,40,6,0,18,14351,NA
"Hasharon",182,2012,263,38,7,50,5,2,31,14351,NA
"Hasharon",182,2013,265,26,12,45,9,1,27,14351,NA
"Beer Sheva",1358,2011,16,1,0,10,1,1,3,3236,NA
"Beer Sheva",1358,2012,22,2,8,18,0,1,8,3236,NA
"Beer Sheva",1358,2013,14,0,3,25,0,0,9,3236,NA
"Ramat Gan",2400,2011,592,111,167,218,20,7,186,37464,"jewish"
"Ramat Gan",2400,2012,584,109,121,199,27,4,154,37464,"jewish"
"Ramat Gan",2400,2013,594,114,71,237,17,10,161,37464,"jewish"
"Ashkelon",1020,2011,345,54,141,129,12,2,65,20670,"jewish"
"Ashkelon",1020,2012,392,36,114,109,10,4,69,20670,"jewish"
"Ashkelon",1020,2013,381,37,95,116,13,3,63,20670,"jewish"
"Holon",565,2011,224,38,18,41,8,4,34,13235,"jewish"
"Holon",565,2012,207,47,37,45,4,5,26,13235,"jewish"
"Holon",565,2013,191,48,21,54,6,3,51,13235,"jewish"
"Beer Sheva",2600,2011,2065,80,543,639,105,54,366,66180,"jewish"
"Beer Sheva",2600,2012,2123,71,396,715,73,33,422,66180,"jewish"
"Beer Sheva",2600,2013,2088,68,544,922,109,48,523,66180,"jewish"
"Afoola",478,2011,87,14,7,46,0,0,18,14560,"arab"
"Afoola",478,2012,74,11,7,48,2,1,11,14560,"arab"
"Afoola",478,2013,109,18,7,64,0,8,15,14560,"arab"
"Beer Sheva",1359,2011,8,0,1,8,0,0,3,1303,NA
"Beer Sheva",1359,2012,11,0,2,9,1,0,2,1303,NA
"Beer Sheva",1359,2013,14,1,0,16,0,0,2,1303,NA
"Bet Lehem",3604,2011,23,1,7,5,1,0,6,3607,NA
"Bet Lehem",3604,2012,11,1,0,4,1,0,1,3607,NA
"Bet Lehem",3604,2013,11,3,2,1,1,0,3,3607,NA
"Hasharon",41,2011,36,9,6,11,0,0,4,3754,NA
"Hasharon",41,2012,30,2,3,8,0,0,5,3754,NA
"Hasharon",41,2013,47,12,0,14,0,0,6,3754,NA
"Petah Tikva",1309,2011,186,19,40,110,20,0,66,46712,NA
"Petah Tikva",1309,2012,212,23,26,110,26,0,64,46712,NA
"Petah Tikva",1309,2013,211,18,37,128,24,3,83,46712,NA
"Tul Karem",3750,2011,42,4,17,22,2,0,17,8410,NA
"Tul Karem",3750,2012,66,3,28,21,2,0,12,8410,NA
"Tul Karem",3750,2013,45,6,18,17,3,1,6,8410,NA
"Tul Karem",3560,2011,27,1,0,4,0,0,1,3949,NA
"Tul Karem",3560,2012,11,0,3,6,0,0,1,3949,NA
"Tul Karem",3560,2013,21,1,2,4,3,0,4,3949,NA
"Ashkelon",2710,2011,289,26,124,121,6,4,31,55110,"arab"
"Ashkelon",2710,2012,335,29,103,176,8,2,60,55110,"arab"
"Ashkelon",2710,2013,379,24,119,221,7,6,102,55110,"arab"
"Akko",529,2011,103,9,21,50,2,9,12,13067,"arab"
"Akko",529,2012,60,7,20,35,1,1,6,13067,"arab"
"Akko",529,2013,56,2,22,59,5,0,16,13067,"arab"
"Beer Sheva",31,2011,428,27,109,177,15,5,86,30844,"jewish"
"Beer Sheva",31,2012,313,18,129,168,15,1,101,30844,"jewish"
"Beer Sheva",31,2013,325,17,170,186,13,2,108,30844,"jewish"
"Bet Lehem",3650,2011,39,1,12,15,5,0,13,10733,NA
"Bet Lehem",3650,2012,26,4,11,16,4,0,10,10733,NA
"Bet Lehem",3650,2013,27,3,8,13,1,1,14,10733,NA
"Tul Karem",3570,2011,213,21,61,96,14,3,55,20297,"jewish"
"Tul Karem",3570,2012,199,55,80,92,14,1,58,20297,"jewish"
"Tul Karem",3570,2013,185,20,75,98,15,5,66,20297,"jewish"
"Tul Karem",3760,2011,55,6,69,16,2,0,6,9279,NA
"Tul Karem",3760,2012,61,8,22,31,4,0,14,9279,NA
"Tul Karem",3760,2013,72,18,26,27,2,0,15,9279,NA
"Ashkelon",70,2011,3641,429,423,1171,139,101,757,251343,"jewish"
"Ashkelon",70,2012,3646,376,372,1220,135,95,733,251343,"jewish"
"Ashkelon",70,2013,3539,463,465,1344,138,79,863,251343,"jewish"
"Ashkelon",7100,2011,2412,279,376,724,60,53,392,151373,"jewish"
"Ashkelon",7100,2012,2561,276,418,763,99,64,445,151373,"jewish"
"Ashkelon",7100,2013,2715,265,404,908,78,84,512,151373,"jewish"
"Hadera",6000,2011,275,35,82,137,8,14,54,29197,"arab"
"Hadera",6000,2012,240,18,80,140,7,8,63,29197,"arab"
"Hadera",6000,2013,213,25,76,151,11,4,61,29197,"arab"
"Ramla",2530,2011,465,97,35,87,12,4,40,23095,"jewish"
"Ramla",2530,2012,350,90,32,95,14,6,48,23095,"jewish"
"Ramla",2530,2013,360,65,40,84,16,4,65,23095,"jewish"
"Beer Sheva",9000,2011,5682,835,724,1534,158,157,814,219798,"jewish"
"Beer Sheva",9000,2012,5748,722,768,1641,202,149,920,219798,"jewish"
"Beer Sheva",9000,2013,5661,636,809,1763,254,141,1054,219798,"jewish"
"Beer Sheva",1348,2011,14,2,10,4,0,0,0,2099,NA
"Beer Sheva",1348,2012,35,0,16,9,0,0,0,2099,NA
"Beer Sheva",1348,2013,20,2,11,21,1,0,2,2099,NA
"Akko",998,2011,29,5,4,42,0,0,9,9816,"arab"
"Akko",998,2012,31,2,0,45,0,0,6,9816,"arab"
"Akko",998,2013,27,6,3,35,2,1,8,9816,"arab"
"Ramallah",3574,2011,35,4,2,22,1,0,7,6096,NA
"Ramallah",3574,2012,55,3,13,22,2,0,9,6096,NA
"Ramallah",3574,2013,41,1,11,20,6,0,4,6096,NA
"Ramallah",3652,2011,34,3,8,9,1,1,12,5172,NA
"Ramallah",3652,2012,46,3,13,13,1,0,11,5172,NA
"Ramallah",3652,2013,24,1,8,10,2,0,8,5172,NA
"Akko",480,2011,53,1,7,36,0,0,23,12014,"arab"
"Akko",480,2012,51,2,25,28,3,0,13,12014,"arab"
"Akko",480,2013,33,1,10,26,0,0,6,12014,"arab"
"Ramla",466,2011,111,33,7,27,2,1,17,7001,NA
"Ramla",466,2012,99,19,19,27,3,1,11,7001,NA
"Ramla",466,2013,112,20,6,36,3,1,20,7001,NA
"Afoola",9200,2011,258,13,88,184,20,1,77,19708,NA
"Afoola",9200,2012,283,15,121,133,13,1,67,19708,NA
"Afoola",9200,2013,269,4,97,169,22,0,90,19708,NA
"Jerusalem",2610,2011,972,112,118,420,51,5,216,123139,"jewish"
"Jerusalem",2610,2012,1200,180,97,445,78,11,234,123139,"jewish"
"Jerusalem",2610,2013,752,73,139,448,76,11,254,123139,"jewish"
"Bet Lehem",3780,2011,142,17,16,84,22,0,58,58215,NA
"Bet Lehem",3780,2012,130,16,34,86,35,0,31,58215,NA
"Bet Lehem",3780,2013,145,21,31,86,28,2,39,58215,NA
"Ramat Gan",6100,2011,1766,235,132,433,103,41,237,202278,"jewish"
"Ramat Gan",6100,2012,1625,227,180,457,108,28,184,202278,"jewish"
"Ramat Gan",6100,2013,1506,195,187,449,111,21,197,202278,"jewish"
"Rehovot",1066,2011,123,23,7,45,5,2,22,7632,NA
"Rehovot",1066,2012,113,27,14,40,5,0,24,7632,NA
"Rehovot",1066,2013,78,14,30,45,2,0,27,7632,NA
"Ashkelon",9800,2011,271,39,68,28,10,3,17,15532,"jewish"
"Ashkelon",9800,2012,250,29,32,34,4,4,13,15532,"jewish"
"Ashkelon",9800,2013,341,67,17,37,5,1,19,15532,"jewish"
"Ashkelon",1326,2011,34,0,4,17,0,0,6,10620,NA
"Ashkelon",1326,2012,30,3,6,19,0,0,5,10620,NA
"Ashkelon",1326,2013,35,1,2,15,0,0,4,10620,NA
"Afoola",944,2011,61,5,3,28,3,4,9,7889,"arab"
"Afoola",944,2012,51,2,3,25,1,2,12,7889,"arab"
"Afoola",944,2013,57,1,8,30,0,2,8,7889,"arab"
"Nazareth",482,2011,28,2,6,46,2,0,13,9884,NA
"Nazareth",482,2012,42,0,1,56,5,0,18,9884,NA
"Nazareth",482,2013,27,0,5,48,2,0,24,9884,NA
"Golan",4001,2011,17,0,2,9,0,0,2,6581,NA
"Golan",4001,2012,8,0,2,15,0,0,1,6581,NA
"Golan",4001,2013,8,1,13,7,0,0,2,6581,NA
"Hasharon",1319,2011,34,1,1,10,2,0,12,5784,NA
"Hasharon",1319,2012,27,2,36,15,1,0,12,5784,NA
"Hasharon",1319,2013,20,3,3,16,2,0,11,5784,NA
"Holon",6200,2011,3356,268,755,858,68,67,658,158421,"jewish"
"Holon",6200,2012,3186,303,741,805,91,85,651,158421,"jewish"
"Holon",6200,2013,3002,275,643,856,87,57,652,158421,"jewish"
"Akko",1292,2011,181,6,281,90,1,3,37,20602,"arab"
"Akko",1292,2012,176,5,192,100,2,1,48,20602,"arab"
"Akko",1292,2013,167,0,156,97,3,11,36,20602,"arab"
"Ramallah",3763,2011,56,4,22,22,3,0,17,5483,NA
"Ramallah",3763,2012,54,2,30,33,3,0,31,5483,NA
"Ramallah",3763,2013,61,6,30,32,2,3,22,5483,NA
"Kineret",1293,2011,23,2,1,3,0,0,2,2184,NA
"Kineret",1293,2012,29,0,5,3,1,0,2,2184,NA
"Kineret",1293,2013,20,2,5,10,0,0,4,2184,NA
"Rehovot",147,2011,73,7,2,7,3,0,4,2768,NA
"Rehovot",147,2012,90,15,5,6,1,0,1,2768,NA
"Rehovot",147,2013,50,6,4,8,1,0,3,2768,NA
"Ramallah",3730,2011,88,17,6,43,8,1,28,18651,NA
"Ramallah",3730,2012,102,29,3,47,4,0,32,18651,NA
"Ramallah",3730,2013,98,9,18,44,6,0,21,18651,NA
"Petah Tikva",681,2011,338,114,15,50,9,0,53,26407,NA
"Petah Tikva",681,2012,343,116,33,51,6,4,55,26407,NA
"Petah Tikva",681,2013,315,55,33,48,5,5,41,26407,NA
"Ramat Gan",6300,2011,825,90,198,128,12,6,103,62312,"jewish"
"Ramat Gan",6300,2012,809,81,105,139,16,7,110,62312,"jewish"
"Ramat Gan",6300,2013,890,86,83,146,29,8,112,62312,"jewish"
"Rehovot",2550,2011,442,59,23,68,8,4,47,26227,"jewish"
"Rehovot",2550,2012,410,59,35,89,11,3,54,26227,"jewish"
"Rehovot",2550,2013,351,41,45,74,19,3,69,26227,"jewish"
"Akko",485,2011,17,0,3,18,0,1,8,6347,NA
"Akko",485,2012,26,1,11,24,2,0,8,6347,NA
"Akko",485,2013,19,1,8,32,2,0,3,6347,NA
"Tzfat",487,2011,43,0,2,15,1,0,5,3309,NA
"Tzfat",487,2012,45,1,4,12,1,1,3,3309,NA
"Tzfat",487,2013,39,2,3,11,1,0,1,3309,NA
"Petah Tikva",627,2011,70,13,18,41,3,0,21,10318,NA
"Petah Tikva",627,2012,86,16,11,31,2,1,19,10318,NA
"Petah Tikva",627,2013,100,23,14,41,0,1,22,10318,NA
"Rehovot",166,2011,429,49,15,72,6,1,61,23952,NA
"Rehovot",166,2012,324,50,22,69,11,1,67,23952,NA
"Rehovot",166,2013,293,35,25,62,9,4,38,23952,NA
"Afoola",1274,2011,24,0,0,3,0,0,3,2905,NA
"Afoola",1274,2012,9,0,5,3,0,0,1,2905,NA
"Afoola",1274,2013,13,0,0,5,0,0,8,2905,NA
"Petah Tikva",229,2011,176,50,17,22,2,0,25,19739,"jewish"
"Petah Tikva",229,2012,179,50,28,26,5,0,18,19739,"jewish"
"Petah Tikva",229,2013,168,28,26,29,3,1,18,19739,"jewish"
"Ashkelon",541,2011,280,4,204,161,3,2,41,14757,"arab"
"Ashkelon",541,2012,347,9,247,229,4,9,48,14757,"arab"
"Ashkelon",541,2013,340,2,223,201,5,3,43,14757,"arab"
"Haifa",494,2011,135,4,16,97,4,5,33,17274,NA
"Haifa",494,2012,89,9,31,61,3,0,21,17274,NA
"Haifa",494,2013,84,4,15,56,5,0,28,17274,NA
"Afoola",489,2011,115,16,5,30,3,9,12,10396,"arab"
"Afoola",489,2012,94,10,11,44,3,4,5,10396,"arab"
"Afoola",489,2013,82,5,7,45,2,4,11,10396,"arab"
"Beer Sheva",2200,2011,562,61,118,226,29,12,130,38610,"jewish"
"Beer Sheva",2200,2012,661,26,111,261,31,13,166,38610,"jewish"
"Beer Sheva",2200,2013,811,50,174,329,53,15,182,38610,"jewish"
"Akko",492,2011,44,3,20,38,0,0,17,10530,NA
"Akko",492,2012,50,2,18,61,4,1,20,10530,NA
"Akko",492,2013,44,1,29,54,1,1,14,10530,NA
"Petah Tikva",9700,2011,1170,254,46,188,19,4,138,63460,"jewish"
"Petah Tikva",9700,2012,1257,247,58,153,58,8,103,63460,"jewish"
"Petah Tikva",9700,2013,1179,211,71,148,29,8,107,63460,"jewish"
"Ramallah",3769,2011,15,0,0,8,1,0,1,4352,NA
"Ramallah",3769,2012,14,0,2,6,1,0,4,4352,NA
"Ramallah",3769,2013,16,0,0,6,0,0,5,4352,NA
"Tel Aviv",6400,2011,2034,209,349,328,46,13,196,105608,"jewish"
"Tel Aviv",6400,2012,2378,199,368,361,38,13,220,105608,"jewish"
"Tel Aviv",6400,2013,2138,156,318,343,51,13,191,105608,"jewish"
"Ashkelon",9300,2011,401,53,91,59,14,0,40,24474,NA
"Ashkelon",9300,2012,322,9,55,63,17,2,35,24474,NA
"Ashkelon",9300,2013,360,29,60,84,18,3,28,24474,NA
"Hasharon",1290,2011,49,10,2,22,2,2,11,7071,NA
"Hasharon",1290,2012,42,8,6,17,3,1,10,7071,NA
"Hasharon",1290,2013,47,4,11,17,2,1,8,7071,NA
"Afoola",975,2011,106,12,4,50,3,1,11,8391,NA
"Afoola",975,2012,88,11,2,40,5,2,12,8391,NA
"Afoola",975,2013,76,4,0,56,1,2,14,8391,NA
"Ashkelon",6500,2011,2534,298,432,559,69,38,244,101721,"jewish"
"Ashkelon",6500,2012,2298,247,411,575,78,33,258,101721,"jewish"
"Ashkelon",6500,2013,2186,253,369,658,73,13,316,101721,"jewish"
"Holon",6600,2011,3760,422,475,835,76,50,666,210555,"jewish"
"Holon",6600,2012,3396,409,373,799,82,71,641,210555,"jewish"
"Holon",6600,2013,3602,445,399,890,95,54,640,210555,"jewish"
"Beer Sheva",1303,2011,91,2,9,52,3,2,5,16451,"arab"
"Beer Sheva",1303,2012,69,4,3,57,1,3,15,16451,"arab"
"Beer Sheva",1303,2013,96,3,6,52,3,6,27,16451,"arab"
"Haifa",4000,2011,9656,603,1495,2357,175,211,1121,320469,"mixed"
"Haifa",4000,2012,9472,591,1393,2075,192,196,1067,320469,"mixed"
"Haifa",4000,2013,8264,437,1275,2029,191,162,1062,320469,"mixed"
"Tzfat",2034,2011,157,4,40,66,6,1,30,10251,"jewish"
"Tzfat",2034,2012,134,5,29,49,3,0,33,10251,"jewish"
"Tzfat",2034,2013,123,4,37,45,10,0,24,10251,"jewish"
"Ashkelon",1247,2011,72,5,25,26,0,0,13,4115,NA
"Ashkelon",1247,2012,31,6,3,12,2,0,6,4115,NA
"Ashkelon",1247,2013,17,2,4,3,1,0,3,4115,NA
"Akko",496,2011,19,0,0,13,0,0,5,6468,NA
"Akko",496,2012,15,0,1,10,0,0,5,6468,NA
"Akko",496,2013,13,1,1,18,0,0,5,6468,NA
"Ramallah",3770,2011,13,1,26,15,1,0,8,3340,NA
"Ramallah",3770,2012,14,0,7,7,1,0,4,3340,NA
"Ramallah",3770,2013,16,1,5,8,2,0,3,3340,NA
"Kineret",6700,2011,1154,69,365,405,61,15,194,48353,"jewish"
"Kineret",6700,2012,1316,79,479,407,69,13,200,48353,"jewish"
"Kineret",6700,2013,1164,61,458,422,68,13,203,48353,"jewish"
"Tzfat",962,2011,153,2,35,70,2,0,15,6686,NA
"Tzfat",962,2012,102,7,50,81,2,1,24,6686,NA
"Tzfat",962,2013,108,2,37,69,1,0,25,6686,NA
"Hasharon",2730,2011,372,85,192,203,11,5,104,43349,"arab"
"Hasharon",2730,2012,311,63,177,170,6,4,91,43349,"arab"
"Hasharon",2730,2013,373,67,196,184,6,12,98,43349,"arab"
"Hasharon",2720,2011,295,63,95,158,9,4,78,26407,"arab"
"Hasharon",2720,2012,362,51,88,167,6,7,85,26407,"arab"
"Hasharon",2720,2013,340,70,86,162,12,4,63,26407,"arab"
"Haifa",2100,2011,451,21,266,190,15,5,127,23603,"jewish"
"Haifa",2100,2012,393,9,158,173,9,6,114,23603,"jewish"
"Haifa",2100,2013,336,10,196,194,12,1,117,23603,"jewish"
"Ramallah",3788,2011,6,1,1,4,2,0,1,4498,NA
"Ramallah",3788,2012,23,0,5,5,0,0,1,4498,NA
"Ramallah",3788,2013,27,0,1,4,2,0,2,4498,NA
"Akko",8900,2011,357,22,107,203,3,2,30,33685,"arab"
"Akko",8900,2012,324,18,101,220,4,5,51,33685,"arab"
"Akko",8900,2013,281,16,103,191,7,10,44,33685,"arab"
"Nazareth",498,2011,92,8,8,49,1,1,12,14205,NA
"Nazareth",498,2012,79,2,9,61,0,0,16,14205,NA
"Nazareth",498,2013,77,3,46,73,4,0,20,14205,NA
"Akko",1295,2011,32,1,4,21,0,0,10,6569,NA
"Akko",1295,2012,18,0,0,10,1,0,3,6569,NA
"Akko",1295,2013,14,0,3,10,0,0,9,6569,NA
"Kineret",46,2011,75,9,73,17,2,1,11,4364,NA
"Kineret",46,2012,78,3,9,15,5,1,11,4364,NA
"Kineret",46,2013,58,4,48,21,0,0,11,4364,NA
"Rehovot",2660,2011,733,91,53,157,20,6,119,47756,"jewish"
"Rehovot",2660,2012,791,91,69,152,72,4,120,47756,"jewish"
"Rehovot",2660,2013,667,112,80,170,18,8,132,47756,"jewish"
"Rehovot",577,2011,33,5,1,4,0,0,1,4322,NA
"Rehovot",577,2012,66,9,0,3,0,0,1,4322,NA
"Rehovot",577,2013,30,2,0,1,0,0,1,4322,NA
"Petah Tikva",9400,2011,471,72,71,122,14,1,88,31703,NA
"Petah Tikva",9400,2012,522,96,67,96,9,5,66,31703,NA
"Petah Tikva",9400,2013,485,87,57,103,17,5,70,31703,NA
"Nazareth",499,2011,97,7,29,65,1,1,15,19090,"arab"
"Nazareth",499,2012,113,10,49,72,2,0,18,19090,"arab"
"Nazareth",499,2013,95,9,74,67,3,2,13,19090,"arab"
"Afoola",240,2011,288,20,68,91,11,1,40,24674,NA
"Afoola",240,2012,273,28,33,61,15,0,31,24674,NA
"Afoola",240,2013,302,22,59,90,10,4,43,24674,NA
"Beer Sheva",831,2011,177,16,51,34,3,0,22,10657,NA
"Beer Sheva",831,2012,180,13,54,36,8,3,24,10657,NA
"Beer Sheva",831,2013,123,8,25,44,6,0,27,10657,NA
"Jerusalem",3000,2011,12309,2921,2210,4583,493,179,1326,975789,"mixed"
"Jerusalem",3000,2012,12451,2681,2061,4491,584,182,1287,975789,"mixed"
"Jerusalem",3000,2013,13505,2478,1654,4991,566,242,1488,975789,"mixed"
"Akko",502,2011,45,1,48,46,2,1,17,15604,NA
"Akko",502,2012,72,3,38,50,1,1,14,15604,NA
"Akko",502,2013,70,2,39,53,5,0,12,15604,NA
"Ramallah",3796,2011,7,0,0,3,0,0,1,2505,NA
"Ramallah",3796,2012,11,0,1,3,0,0,3,2505,NA
"Ramallah",3796,2013,5,0,0,4,0,0,5,2505,NA
"Akko",504,2011,62,3,43,53,0,4,10,11997,NA
"Akko",504,2012,53,1,55,48,1,2,16,11997,NA
"Akko",504,2013,62,5,18,37,3,1,13,11997,NA
"Akko",505,2011,17,2,6,11,0,0,1,3827,"jewish"
"Akko",505,2012,14,1,6,6,0,0,0,3827,"jewish"
"Akko",505,2013,14,0,7,11,0,1,6,3827,"jewish"
"Petah Tikva",1224,2011,135,14,2,22,1,0,7,10310,NA
"Petah Tikva",1224,2012,167,10,8,15,3,1,23,10310,NA
"Petah Tikva",1224,2013,147,8,21,13,2,0,14,10310,NA
"Ramallah",3779,2011,59,5,3,17,3,0,10,8399,NA
"Ramallah",3779,2012,53,8,2,31,8,0,22,8399,NA
"Ramallah",3779,2013,48,5,0,24,8,0,11,8399,NA
"Beer Sheva",1059,2011,54,3,3,25,1,0,5,16409,NA
"Beer Sheva",1059,2012,44,4,3,37,2,1,5,16409,NA
"Beer Sheva",1059,2013,48,4,0,55,2,0,16,16409,NA
"Akko",1296,2011,19,0,0,16,2,0,11,8633,NA
"Akko",1296,2012,16,0,8,18,1,0,8,8633,NA
"Akko",1296,2013,23,0,12,14,4,0,12,8633,NA
"Nazareth",978,2011,48,1,1,24,1,1,5,5637,NA
"Nazareth",978,2012,38,1,5,22,0,0,6,5637,NA
"Nazareth",978,2013,31,3,2,31,1,0,7,5637,NA
"Ramallah",3638,2011,48,6,15,4,2,1,2,4368,NA
"Ramallah",3638,2012,67,5,68,13,1,1,7,4368,NA
"Ramallah",3638,2013,46,1,84,7,4,1,9,4368,NA
"Petah Tikva",633,2011,37,2,7,16,1,1,9,3749,"arab"
"Petah Tikva",633,2012,36,6,7,15,1,1,5,3749,"arab"
"Petah Tikva",633,2013,40,2,8,21,0,1,14,3749,"arab"
"Akko",1263,2011,92,0,17,14,3,0,4,6217,NA
"Akko",1263,2012,70,2,13,5,1,0,1,6217,NA
"Akko",1263,2013,63,2,17,11,1,0,9,6217,NA
"Ramla",696,2011,43,1,0,12,4,0,4,7508,NA
"Ramla",696,2012,59,8,5,13,4,0,6,7508,NA
"Ramla",696,2013,39,4,1,11,4,1,2,7508,NA
"Akko",507,2011,99,3,234,52,3,1,14,10770,"arab"
"Akko",507,2012,56,5,95,61,2,2,22,10770,"arab"
"Akko",507,2013,68,4,89,46,2,3,17,10770,"arab"
"Hasharon",168,2011,401,83,45,74,6,2,39,22347,NA
"Hasharon",168,2012,370,78,43,104,11,0,79,22347,NA
"Hasharon",168,2013,368,77,58,80,10,4,83,22347,NA
"Kineret",508,2011,5,0,0,5,1,0,1,3407,NA
"Kineret",508,2012,10,0,0,0,0,0,1,3407,NA
"Kineret",508,2013,10,0,0,8,0,0,3,3407,NA
"Nazareth",509,2011,80,7,18,62,0,1,11,22305,NA
"Nazareth",509,2012,79,4,44,88,4,1,20,22305,NA
"Nazareth",509,2013,116,3,82,85,1,1,22,22305,NA
"Akko",510,2011,88,3,85,62,3,1,19,19674,"arab"
"Akko",510,2012,80,0,110,78,3,0,15,19674,"arab"
"Akko",510,2013,97,5,125,75,5,3,25,19674,"arab"
"Nazareth",512,2011,16,4,1,4,1,0,1,2739,NA
"Nazareth",512,2012,8,1,0,6,0,0,0,2739,NA
"Nazareth",512,2013,17,1,0,4,1,0,0,2739,NA
"Petah Tikva",6900,2011,2168,524,111,372,62,16,234,108886,"jewish"
"Petah Tikva",6900,2012,2219,567,105,366,57,20,229,108886,"jewish"
"Petah Tikva",6900,2013,2187,527,97,348,67,14,225,108886,"jewish"
"Petah Tikva",634,2011,200,37,44,72,4,4,37,23542,"arab"
"Petah Tikva",634,2012,207,53,53,84,2,7,35,23542,"arab"
"Petah Tikva",634,2013,257,76,44,89,5,7,37,23542,"arab"
"Ashkelon",654,2011,209,30,112,109,3,3,24,18809,"arab"
"Ashkelon",654,2012,201,24,94,106,6,4,35,18809,"arab"
"Ashkelon",654,2013,200,22,111,93,6,1,29,18809,"arab"
"Kineret",47,2011,50,6,24,6,0,0,7,4542,"jewish"
"Kineret",47,2012,46,1,21,7,1,0,5,4542,"jewish"
"Kineret",47,2013,46,5,2,9,2,0,4,4542,"jewish"
"Akko",1139,2011,660,20,191,253,32,4,102,53618,"jewish"
"Akko",1139,2012,646,26,162,204,27,12,103,53618,"jewish"
"Akko",1139,2013,510,19,149,214,35,12,114,53618,"jewish"
"Beer Sheva",1271,2011,99,9,3,11,0,3,1,6677,NA
"Beer Sheva",1271,2012,127,15,7,13,1,1,5,6677,NA
"Beer Sheva",1271,2013,183,19,5,15,1,2,9,6677,NA
"Ramla",7000,2011,2133,251,556,566,66,94,228,81068,"mixed"
"Ramla",7000,2012,1962,263,441,572,60,66,276,81068,"mixed"
"Ramla",7000,2013,2079,272,660,533,66,64,263,81068,"mixed"
"Ramla",1310,2011,20,5,2,1,2,1,1,2463,NA
"Ramla",1310,2012,14,3,2,1,0,0,2,2463,NA
"Ramla",1310,2013,25,0,3,7,1,0,4,2463,NA
"Beer Sheva",1060,2011,68,5,8,20,0,1,5,14366,"arab"
"Beer Sheva",1060,2012,53,3,14,44,0,2,10,14366,"arab"
"Beer Sheva",1060,2013,63,7,14,42,1,1,9,14366,"arab"
"Jerusalem",1015,2011,355,64,44,80,13,0,58,26237,NA
"Jerusalem",1015,2012,383,78,58,85,20,4,62,26237,NA
"Jerusalem",1015,2013,433,89,50,118,11,4,64,26237,NA
"Akko",516,2011,74,3,30,61,2,1,8,15320,"arab"
"Akko",516,2012,79,3,19,90,0,0,23,15320,"arab"
"Akko",516,2013,84,4,38,76,7,8,17,15320,"arab"
"Golan",4201,2011,34,1,16,25,1,0,4,11240,NA
"Golan",4201,2012,34,1,9,47,3,0,11,11240,NA
"Golan",4201,2013,35,0,19,26,2,2,10,11240,NA
"Kineret",481,2011,75,4,7,76,3,1,26,22680,"arab"
"Kineret",481,2012,105,1,2,78,4,0,30,22680,"arab"
"Kineret",481,2013,92,0,1,69,6,0,30,22680,"arab"
"Afoola",874,2011,496,34,165,200,24,7,87,29119,"jewish"
"Afoola",874,2012,554,24,149,177,16,13,81,29119,"jewish"
"Afoola",874,2013,459,27,208,168,15,3,74,29119,"jewish"
"Ramla",1200,2011,778,103,155,197,21,5,169,93447,NA
"Ramla",1200,2012,839,123,120,197,22,4,170,93447,NA
"Ramla",1200,2013,866,106,186,244,47,4,179,93447,NA
"Ramallah",3797,2011,164,8,18,70,21,0,33,72189,NA
"Ramallah",3797,2012,178,13,19,70,21,1,30,72189,NA
"Ramallah",3797,2013,134,11,35,83,28,0,36,72189,NA
"Rehovot",28,2011,153,25,2,21,2,2,19,15550,NA
"Rehovot",28,2012,116,21,9,26,1,3,20,15550,NA
"Rehovot",28,2013,128,26,18,22,2,4,11,15550,NA
"Akko",517,2011,30,0,1,20,0,0,5,3875,NA
"Akko",517,2012,35,1,0,16,0,0,4,3875,NA
"Akko",517,2013,27,3,2,15,1,1,8,3875,NA
"Beer Sheva",1268,2011,58,1,2,15,2,1,8,9303,NA
"Beer Sheva",1268,2012,62,2,1,15,2,0,12,9303,NA
"Beer Sheva",1268,2013,63,5,2,17,2,0,6,9303,NA
"Golan",4203,2011,16,0,10,9,1,0,1,4016,NA
"Golan",4203,2012,15,0,5,15,1,0,2,4016,NA
"Golan",4203,2013,13,1,9,9,1,0,1,4016,NA
"Bet Lehem",3616,2011,482,26,91,173,30,1,119,41047,NA
"Bet Lehem",3616,2012,407,33,264,175,27,3,97,41047,NA
"Bet Lehem",3616,2013,403,31,159,194,23,2,123,41047,NA
"Ashkelon",1327,2011,63,4,4,20,1,0,4,14884,NA
"Ashkelon",1327,2012,58,3,5,49,0,0,11,14884,NA
"Ashkelon",1327,2013,59,2,3,33,3,2,14,14884,NA
"Akko",1063,2011,300,3,195,112,10,6,39,24325,NA
"Akko",1063,2012,278,3,114,104,8,2,57,24325,NA
"Akko",1063,2013,268,4,124,132,14,2,57,24325,NA
"Akko",518,2011,35,0,5,8,0,1,3,3330,NA
"Akko",518,2012,23,0,18,16,0,0,4,3330,NA
"Akko",518,2013,24,1,25,17,0,1,7,3330,NA
"Beer Sheva",99,2011,140,17,14,35,8,1,9,5630,"jewish"
"Beer Sheva",99,2012,101,12,31,30,3,0,14,5630,"jewish"
"Beer Sheva",99,2013,116,17,11,27,2,0,15,5630,"jewish"
"Afoola",635,2011,20,1,5,17,0,0,2,4126,NA
"Afoola",635,2012,12,0,2,17,0,0,1,4126,NA
"Afoola",635,2013,24,2,3,18,1,1,2,4126,NA
"Ashkelon",1098,2011,48,9,0,0,1,0,0,2156,"jewish"
"Ashkelon",1098,2012,13,1,0,0,0,0,0,2156,"jewish"
"Ashkelon",1098,2013,32,3,0,3,1,0,1,2156,"jewish"
"Nazareth",520,2011,36,3,3,16,1,0,1,8559,"arab"
"Nazareth",520,2012,28,1,5,23,1,0,10,8559,"arab"
"Nazareth",520,2013,29,3,11,30,2,0,6,8559,"arab"
"Petah Tikva",1315,2011,13,1,3,2,1,0,2,3566,NA
"Petah Tikva",1315,2012,19,1,0,4,1,0,2,3566,NA
"Petah Tikva",1315,2013,33,0,1,2,0,0,2,3566,NA
"Akko",9100,2011,1072,45,468,353,34,11,144,65254,"jewish"
"Akko",9100,2012,878,37,254,355,32,25,172,65254,"jewish"
"Akko",9100,2013,916,24,220,321,27,16,184,65254,"jewish"
"Ramla",1333,2011,2,0,1,1,0,0,1,2557,NA
"Ramla",1333,2012,10,2,0,2,0,0,1,2557,NA
"Ramla",1333,2013,7,0,0,1,0,0,0,2557,NA
"Haifa",1284,2011,38,1,0,8,1,0,5,2822,NA
"Haifa",1284,2012,42,2,0,6,0,0,9,2822,NA
"Haifa",1284,2013,41,4,0,1,0,0,1,2822,NA
"Akko",522,2011,35,1,27,53,2,0,14,13142,"arab"
"Akko",522,2012,40,1,24,38,3,0,11,13142,"arab"
"Akko",522,2013,44,0,20,50,1,2,19,13142,"arab"
"Rehovot",7200,2011,616,73,35,119,10,6,96,48583,NA
"Rehovot",7200,2012,574,85,40,121,13,10,118,48583,NA
"Rehovot",7200,2013,606,97,49,126,20,12,105,48583,NA
"Nazareth",7300,2011,929,81,249,409,20,30,110,81510,"arab"
"Nazareth",7300,2012,956,75,346,509,14,26,99,81510,"arab"
"Nazareth",7300,2013,944,100,420,456,20,22,146,81510,"arab"
"Nazareth",1061,2011,882,83,392,339,46,23,97,50273,NA
"Nazareth",1061,2012,823,58,390,384,53,31,135,50273,NA
"Nazareth",1061,2013,947,68,459,353,46,22,165,50273,NA
"Haifa",2500,2011,583,64,118,115,10,4,96,24808,"jewish"
"Haifa",2500,2012,587,52,80,115,11,8,60,24808,"jewish"
"Haifa",2500,2013,450,66,55,92,8,6,65,24808,"jewish"
"Beer Sheva",246,2011,405,25,106,195,12,7,67,36612,"jewish"
"Beer Sheva",246,2012,466,14,149,216,20,2,70,36612,"jewish"
"Beer Sheva",246,2013,455,19,179,247,19,4,104,36612,"jewish"
"Hasharon",7400,2011,6269,1102,274,1269,116,144,721,244243,"jewish"
"Hasharon",7400,2012,5845,963,341,1365,115,155,927,244243,"jewish"
"Hasharon",7400,2013,5968,968,504,1302,129,175,942,244243,"jewish"
"Akko",525,2011,37,0,4,12,1,2,2,4204,NA
"Akko",525,2012,29,0,6,6,1,0,5,4204,NA
"Akko",525,2013,35,1,6,9,0,1,1,4204,NA
"Petah Tikva",587,2011,150,9,3,5,2,0,3,5147,NA
"Petah Tikva",587,2012,141,4,2,9,1,0,6,5147,NA
"Petah Tikva",587,2013,156,31,11,5,3,0,7,5147,NA
"Afoola",526,2011,8,0,3,14,0,0,9,2968,NA
"Afoola",526,2012,8,1,1,12,1,0,3,2968,NA
"Afoola",526,2013,14,0,0,19,0,0,12,2968,NA
"Akko",7500,2011,193,4,115,92,5,4,23,31901,NA
"Akko",7500,2012,171,6,77,156,3,2,42,31901,NA
"Akko",7500,2013,179,4,65,168,9,1,61,31901,NA
"Akko",1245,2011,31,0,0,32,1,0,11,3472,NA
"Akko",1245,2012,35,0,2,20,1,0,4,3472,NA
"Akko",1245,2013,27,1,2,26,0,0,9,3472,NA
"Golan",4501,2011,0,0,1,0,0,0,0,2618,NA
"Golan",4501,2012,4,0,4,2,1,0,0,2618,NA
"Golan",4501,2013,0,0,0,1,0,0,0,2618,NA
"Nazareth",528,2011,7,1,0,7,0,0,0,3176,NA
"Nazareth",528,2012,14,1,0,13,0,0,2,3176,NA
"Nazareth",528,2013,9,0,1,1,0,0,0,3176,NA
"Kineret",530,2011,30,1,5,38,1,0,10,5775,"arab"
"Kineret",530,2012,40,2,1,30,1,2,8,5775,"arab"
"Kineret",530,2013,27,2,2,25,1,0,10,5775,"arab"
"Nazareth",511,2011,52,1,15,42,2,0,3,8090,NA
"Nazareth",511,2012,31,1,17,30,2,0,7,8090,NA
"Nazareth",511,2013,33,1,7,36,1,0,7,8090,NA
"Nazareth",532,2011,39,12,2,16,0,1,4,13258,NA
"Nazareth",532,2012,35,3,6,27,5,1,3,13258,NA
"Nazareth",532,2013,42,1,3,27,5,0,6,13258,NA
"Jerusalem",521,2011,17,5,5,10,0,0,4,3500,NA
"Jerusalem",521,2012,8,2,1,13,1,0,6,3500,NA
"Jerusalem",521,2013,15,0,3,7,1,0,7,3500,NA
"Akko",7600,2011,1168,53,667,401,34,35,194,55788,"mixed"
"Akko",7600,2012,1142,33,521,443,30,26,202,55788,"mixed"
"Akko",7600,2013,1091,18,569,401,33,38,209,55788,"mixed"
"Shchem",3765,2011,16,1,3,7,5,0,3,4084,NA
"Shchem",3765,2012,52,9,8,5,3,0,2,4084,NA
"Shchem",3765,2013,23,3,0,9,1,0,8,4084,NA
"Tul Karem",3660,2011,49,2,13,13,4,0,2,4032,NA
"Tul Karem",3660,2012,38,4,17,23,7,1,7,4032,NA
"Tul Karem",3660,2013,47,4,33,21,2,1,10,4032,NA
"Beer Sheva",666,2011,157,21,8,16,2,1,9,8927,"jewish"
"Beer Sheva",666,2012,160,22,16,23,1,1,10,8927,"jewish"
"Beer Sheva",666,2013,167,17,7,27,3,2,9,8927,"jewish"
"Afoola",7700,2011,1245,108,193,329,44,11,141,53229,"jewish"
"Afoola",7700,2012,1231,98,208,353,45,17,162,53229,"jewish"
"Afoola",7700,2013,1179,51,295,407,56,20,175,53229,"jewish"
"Ramallah",3617,2011,12,1,4,3,0,0,1,3444,NA
"Ramallah",3617,2012,12,5,4,5,0,0,4,3444,NA
"Ramallah",3617,2013,15,0,10,4,0,1,0,3444,NA
"Akko",531,2011,161,10,25,133,3,4,47,25827,"arab"
"Akko",531,2012,145,7,48,129,10,4,33,25827,"arab"
"Akko",531,2013,152,13,40,129,2,0,42,25827,"arab"
"Beer Sheva",2560,2011,530,29,106,207,20,4,79,30343,"jewish"
"Beer Sheva",2560,2012,449,37,85,162,27,7,73,30343,"jewish"
"Beer Sheva",2560,2013,513,46,82,245,24,7,109,30343,"jewish"
"Ashkelon",637,2011,134,9,31,91,5,4,30,19728,"arab"
"Ashkelon",637,2012,162,18,59,89,4,6,25,19728,"arab"
"Ashkelon",637,2013,175,24,28,89,1,1,37,19728,"arab"
"Beer Sheva",1192,2011,42,1,3,40,3,0,5,17133,NA
"Beer Sheva",1192,2012,67,1,1,47,0,0,12,17133,NA
"Beer Sheva",1192,2013,80,4,2,69,5,0,16,17133,NA
"Ashkelon",53,2011,141,10,104,43,2,2,10,7517,"jewish"
"Ashkelon",53,2012,138,11,63,24,3,0,23,7517,"jewish"
"Ashkelon",53,2013,85,5,60,32,2,1,19,7517,"jewish"
"Akko",535,2011,14,0,4,7,1,0,2,3448,NA
"Akko",535,2012,13,0,3,10,0,0,3,3448,NA
"Akko",535,2013,15,0,3,10,1,0,6,3448,NA
"Akko",536,2011,42,0,7,15,0,0,2,5973,NA
"Akko",536,2012,38,0,7,10,1,1,7,5973,NA
"Akko",536,2013,30,2,4,11,2,0,2,5973,NA
"Ashkelon",537,2011,91,9,82,54,1,1,18,13085,"arab"
"Ashkelon",537,2012,126,8,52,54,4,1,16,13085,"arab"
"Ashkelon",537,2013,125,4,36,58,3,2,20,13085,"arab"
"Ashkelon",7800,2011,637,74,128,187,24,10,96,43026,"jewish"
"Ashkelon",7800,2012,747,87,126,162,23,6,92,43026,"jewish"
"Ashkelon",7800,2013,614,100,91,171,19,5,111,43026,"jewish"
"Hasharon",171,2011,96,21,5,18,3,0,16,6595,NA
"Hasharon",171,2012,98,17,9,15,3,1,19,6595,NA
"Hasharon",171,2013,86,9,9,17,5,1,13,6595,NA
"Petah Tikva",7900,2011,4957,918,504,1013,110,34,646,264093,NA
"Petah Tikva",7900,2012,5007,1035,399,1116,116,63,727,264093,NA
"Petah Tikva",7900,2013,5289,1126,475,1007,123,65,763,264093,NA
"Jerusalem",1113,2011,104,28,5,12,0,0,7,7074,NA
"Jerusalem",1113,2012,93,30,1,13,3,0,12,7074,NA
"Jerusalem",1113,2013,68,14,6,17,4,2,12,7074,NA
"Hasharon",276,2011,35,8,2,4,1,0,3,2936,NA
"Hasharon",276,2012,71,15,5,8,1,0,10,2936,NA
"Hasharon",276,2013,52,7,3,7,2,0,6,2936,NA
"Tzfat",8000,2011,543,20,221,233,28,0,118,38125,"jewish"
"Tzfat",8000,2012,532,13,173,290,43,2,157,38125,"jewish"
"Tzfat",8000,2013,527,9,141,254,38,4,140,38125,"jewish"
"Tul Karem",3557,2011,25,5,4,9,0,0,2,4779,"jewish"
"Tul Karem",3557,2012,25,2,5,8,2,2,3,4779,"jewish"
"Tul Karem",3557,2013,17,1,6,9,3,1,5,4779,"jewish"
"Hasharon",195,2011,490,89,14,52,5,0,53,22349,NA
"Hasharon",195,2012,349,57,14,46,7,4,37,22349,NA
"Hasharon",195,2013,293,40,39,63,12,2,44,22349,NA
"Ashkelon",1167,2011,229,15,40,23,3,1,20,6204,NA
"Ashkelon",1167,2012,338,15,49,27,3,2,12,6204,NA
"Ashkelon",1167,2013,255,18,38,29,4,1,15,6204,NA
"Hasharon",638,2011,157,29,68,95,8,4,41,22794,"arab"
"Hasharon",638,2012,192,43,59,111,3,6,52,22794,"arab"
"Hasharon",638,2013,202,50,34,111,3,2,53,22794,"arab"
"Golan",4100,2011,117,1,51,41,3,1,25,8231,"jewish"
"Golan",4100,2012,109,2,37,48,5,0,20,8231,"jewish"
"Golan",4100,2013,92,3,30,42,4,0,21,8231,"jewish"
"Haifa",9500,2011,1248,112,172,258,33,25,149,44261,NA
"Haifa",9500,2012,1180,74,128,220,31,24,147,44261,NA
"Haifa",9500,2013,997,40,129,277,22,20,197,44261,NA
"Haifa",8200,2011,884,56,180,211,27,18,164,47497,NA
"Haifa",8200,2012,809,63,117,192,34,19,159,47497,NA
"Haifa",8200,2013,657,24,144,185,22,15,147,47497,NA
"Ramat Gan",2620,2011,479,107,42,75,12,3,63,40890,NA
"Ramat Gan",2620,2012,519,116,44,112,8,5,71,40890,NA
"Ramat Gan",2620,2013,573,78,49,92,13,3,73,40890,NA
"Hevron",3611,2011,89,4,21,50,7,1,27,8003,NA
"Hevron",3611,2012,62,5,22,34,7,0,20,8003,NA
"Hevron",3611,2013,58,4,26,28,7,0,15,8003,NA
"Haifa",6800,2011,1432,134,337,331,39,27,214,62573,"jewish"
"Haifa",6800,2012,1278,89,260,304,26,23,202,62573,"jewish"
"Haifa",6800,2013,1094,50,302,356,33,16,211,62573,"jewish"
"Ashkelon",2630,2011,978,120,143,319,45,14,182,59050,"jewish"
"Ashkelon",2630,2012,993,121,134,336,40,14,180,59050,"jewish"
"Ashkelon",2630,2013,807,90,146,365,51,15,229,59050,"jewish"
"Haifa",2300,2011,424,55,30,64,16,5,34,18034,NA
"Haifa",2300,2012,302,45,33,52,12,4,27,18034,NA
"Haifa",2300,2013,331,22,23,50,7,6,23,18034,NA
"Haifa",9600,2011,889,62,231,231,27,19,157,45669,"jewish"
"Haifa",9600,2012,826,61,269,261,21,23,171,45669,"jewish"
"Haifa",9600,2013,766,30,314,254,22,23,183,45669,"jewish"
"Jerusalem",1137,2011,20,0,6,10,3,0,2,5760,NA
"Jerusalem",1137,2012,14,0,2,6,1,0,4,5760,NA
"Jerusalem",1137,2013,12,1,5,4,1,0,3,5760,NA
"Ashkelon",1034,2011,518,65,33,180,20,11,100,24608,"jewish"
"Ashkelon",1034,2012,473,65,60,194,30,5,126,24608,"jewish"
"Ashkelon",1034,2013,518,60,56,210,28,11,110,24608,"jewish"
"Rehovot",469,2011,358,65,14,49,6,5,32,11223,"jewish"
"Rehovot",469,2012,331,57,28,63,9,3,34,11223,"jewish"
"Rehovot",469,2013,324,50,31,50,8,5,34,11223,"jewish"
"Tzfat",2800,2011,353,7,112,116,16,3,60,24513,"jewish"
"Tzfat",2800,2012,341,6,140,147,19,2,89,24513,"jewish"
"Tzfat",2800,2013,364,11,97,148,23,0,80,24513,"jewish"
"Tul Karem",3640,2011,93,15,5,18,4,1,9,8073,NA
"Tul Karem",3640,2012,92,15,7,25,6,0,19,8073,NA
"Tul Karem",3640,2013,74,9,14,32,2,1,17,8073,NA
"Akko",543,2011,53,6,24,33,2,1,6,8609,"arab"
"Akko",543,2012,59,1,17,28,1,4,4,8609,"arab"
"Akko",543,2013,48,3,42,36,1,1,11,8609,"arab"
"Petah Tikva",2640,2011,549,65,77,178,29,3,122,52940,NA
"Petah Tikva",2640,2012,636,99,82,190,26,5,110,52940,NA
"Petah Tikva",2640,2013,802,130,63,189,17,8,108,52940,NA
"Tzfat",26,2011,114,11,45,26,9,0,5,3267,NA
"Tzfat",26,2012,82,2,25,12,2,0,8,3267,NA
"Tzfat",26,2013,74,1,31,21,2,0,3,3267,NA
"Rehovot",8300,2011,5732,921,452,1112,115,72,688,267116,"jewish"
"Rehovot",8300,2012,4938,741,548,1042,132,73,734,267116,"jewish"
"Rehovot",8300,2013,4980,682,512,1068,127,73,732,267116,"jewish"
"Beer Sheva",1161,2011,376,25,72,209,8,6,31,63371,"arab"
"Beer Sheva",1161,2012,348,17,47,291,16,6,53,63371,"arab"
"Beer Sheva",1161,2013,356,12,83,324,10,11,63,63371,"arab"
"Rehovot",8400,2011,2502,285,318,457,51,41,299,149439,"jewish"
"Rehovot",8400,2012,2234,282,347,442,84,36,242,149439,"jewish"
"Rehovot",8400,2013,2128,279,405,502,79,31,336,149439,"jewish"
"Nazareth",542,2011,83,4,6,64,0,2,12,16677,NA
"Nazareth",542,2012,68,5,12,59,4,1,14,16677,NA
"Nazareth",542,2013,67,6,19,70,4,0,28,16677,NA
"Haifa",922,2011,104,7,7,35,7,2,30,11912,NA
"Haifa",922,2012,105,7,19,38,5,1,17,11912,NA
"Haifa",922,2013,77,2,13,34,9,0,16,11912,NA
"Ramla",8500,2011,2154,251,509,595,58,51,307,80561,"mixed"
"Ramla",8500,2012,2317,346,404,541,52,101,257,80561,"mixed"
"Ramla",8500,2013,1874,290,369,671,64,54,328,80561,"mixed"
"Ramat Gan",8600,2011,3327,466,392,558,85,32,334,164043,"jewish"
"Ramat Gan",8600,2012,3266,508,334,603,66,37,385,164043,"jewish"
"Ramat Gan",8600,2013,3256,447,409,549,85,38,313,164043,"jewish"
"Tel Aviv",2650,2011,808,104,61,116,18,3,58,50541,"jewish"
"Tel Aviv",2650,2012,920,116,154,121,16,3,82,50541,"jewish"
"Tel Aviv",2650,2013,769,43,153,104,13,5,72,50541,"jewish"
"Afoola",122,2011,184,17,9,33,8,3,19,7877,NA
"Afoola",122,2012,162,17,10,30,3,2,21,7877,NA
"Afoola",122,2013,103,10,15,23,2,2,17,7877,NA
"Petah Tikva",8700,2011,1354,190,66,245,25,7,153,87131,NA
"Petah Tikva",8700,2012,1620,196,74,206,21,6,132,87131,NA
"Petah Tikva",8700,2013,1315,140,69,212,31,6,107,87131,NA
"Afoola",913,2011,48,2,4,45,1,0,4,6452,NA
"Afoola",913,2012,55,3,8,62,0,6,14,6452,NA
"Afoola",913,2013,49,3,14,37,3,0,17,6452,NA
"Beer Sheva",1286,2011,76,1,34,29,1,2,17,10091,NA
"Beer Sheva",1286,2012,70,4,21,44,2,1,10,10091,NA
"Beer Sheva",1286,2013,89,10,29,64,4,3,22,10091,NA
"Ashkelon",1031,2011,459,39,135,198,18,2,124,27080,"jewish"
"Ashkelon",1031,2012,411,23,156,175,15,7,101,27080,"jewish"
"Ashkelon",1031,2013,373,30,166,177,25,7,118,27080,"jewish"
"Ramla",1304,2011,279,89,5,24,2,1,24,21723,NA
"Ramla",1304,2012,246,40,9,27,5,1,25,21723,NA
"Ramla",1304,2013,204,14,38,29,4,2,18,21723,NA
"Akko",658,2011,22,0,3,12,1,0,3,2860,NA
"Akko",658,2012,28,0,1,17,1,1,4,2860,NA
"Akko",658,2013,25,0,7,12,0,0,4,2860,NA
"Ramallah",3641,2011,21,8,10,11,3,0,1,4148,"jewish"
"Ramallah",3641,2012,16,4,5,4,0,0,2,4148,"jewish"
"Ramallah",3641,2013,23,1,6,6,0,0,0,4148,"jewish"
"Afoola",1337,2011,27,3,2,1,0,0,0,2690,NA
"Afoola",1337,2012,37,1,0,2,0,0,3,2690,NA
"Afoola",1337,2013,10,0,3,3,0,0,1,2690,NA
"Akko",812,2011,92,3,38,42,3,0,26,6909,"jewish"
"Akko",812,2012,63,3,3,35,3,1,30,6909,"jewish"
"Akko",812,2013,62,0,16,33,2,0,27,6909,"jewish"
"Akko",538,2011,40,3,34,22,3,0,5,7132,NA
"Akko",538,2012,58,0,32,42,1,0,15,7132,NA
"Akko",538,2013,58,0,23,36,3,1,16,7132,NA
"Tul Karem",3720,2011,27,2,3,5,1,0,4,5902,NA
"Tul Karem",3720,2012,54,3,3,14,2,0,9,5902,NA
"Tul Karem",3720,2013,49,8,16,13,1,0,5,5902,NA
"Akko",8800,2011,434,60,128,228,6,4,54,41089,"arab"
"Akko",8800,2012,412,46,98,213,13,6,74,41089,"arab"
"Akko",8800,2013,381,18,107,210,17,5,62,41089,"arab"
"Tel Aviv",5000,2011,21388,2436,3268,3418,392,588,1517,533986,NA
"Tel Aviv",5000,2012,21870,2548,2578,3510,435,882,1490,533986,NA
"Tel Aviv",5000,2013,20746,2039,2830,3580,411,807,1540,533986,NA
"Hasharon",154,2011,289,43,76,75,6,3,34,13587,NA
"Hasharon",154,2012,160,18,146,54,7,0,32,13587,NA
"Hasharon",154,2013,203,17,138,81,15,0,29,13587,NA
"Beer Sheva",1054,2011,149,13,34,78,4,1,14,19675,"arab"
"Beer Sheva",1054,2012,124,4,52,97,2,1,22,19675,"arab"
"Beer Sheva",1054,2013,175,4,67,113,6,4,34,19675,"arab"
"Beer Sheva",709,2011,30,2,0,1,1,0,0,2239,NA
"Beer Sheva",709,2012,24,6,1,4,2,0,1,2239,NA
"Beer Sheva",709,2013,15,0,6,3,0,0,0,2239,NA
